60
45.0000000000000000
26.5650511770779900
14.0362434679264787
7.1250163489017977
3.5763343749973511
1.7899106082460694
0.8951737102110744
0.4476141708605531
0.2238105003685381
0.1119056770662069
0.0559528918938037
0.0279764526170037
0.0139882271422650
0.0069941136753529
0.0034970568507040
0.0017485284269804
0.0008742642136938
0.0004371321068723
0.0002185660534393
0.0001092830267201
0.0000546415133601
0.0000273207566800
0.0000136603783400
0.0000068301891700
0.0000034150945850
0.0000017075472925
0.0000008537736463
0.0000004268868231
0.0000002134434116
0.0000001067217058
0.0000000533608529
0.0000000266804264
0.0000000133402132
0.0000000066701066
0.0000000033350533
0.0000000016675267
0.0000000008337633
0.0000000004168817
0.0000000002084408
0.0000000001042204
0.0000000000521102
0.0000000000260551
0.0000000000130276
0.0000000000065138
0.0000000000032569
0.0000000000016284
0.0000000000008142
0.0000000000004071
0.0000000000002036
0.0000000000001018
0.0000000000000509
0.0000000000000254
0.0000000000000127
0.0000000000000064
0.0000000000000032
0.0000000000000016
0.0000000000000008
0.0000000000000004
0.0000000000000002
0.0000000000000001
